2,2,2,1,4,16183,1
0,2,2,0,4,16183,2
0,2,2,0,4,16183,3
0,2,2,0,4,16183,4
0,2,2,0,4,16183,5
0,2,2,0,4,16183,6
0,2,2,0,4,16183,7
0,2,2,0,4,16184,1
0,2,2,0,4,16184,2
0,2,2,0,4,16184,3
0,2,2,0,4,16184,4
0,2,2,0,4,16184,5
0,2,2,0,4,16184,6
0,2,2,0,4,16184,7
0,2,2,0,4,16185,1
0,2,2,0,4,16185,2
0,2,2,0,4,16185,3
0,2,2,0,4,16185,4
0,2,2,0,4,16185,5
0,2,2,0,4,16185,6
0,2,2,0,4,16185,7
0,2,2,0,4,16186,1
0,2,2,0,4,16186,2
0,2,2,0,4,16186,3
0,2,2,0,4,16186,4
0,2,2,0,4,16186,5
0,2,2,0,4,16186,6
0,2,2,0,4,16186,7
0,2,2,0,4,16187,1
0,2,2,0,4,16187,2
0,2,2,0,4,16187,3
0,2,2,0,4,16187,4
0,2,2,0,4,16187,5
0,2,2,0,4,16187,6
0,2,2,0,4,16187,7
0,2,2,0,4,16188,1
0,2,2,0,4,16188,2
0,2,2,0,4,16188,3
0,2,2,0,4,16188,4
0,2,2,0,4,16188,5
0,2,2,0,4,16188,6
0,2,2,0,4,16188,7
0,2,2,0,4,16189,1
0,2,2,0,4,16189,2
0,2,2,0,4,16189,3
0,2,2,0,4,16189,4
32,2,2,1,4,16189,5
64,2,2,1,4,16189,6
128,2,2,1,4,16189,7
2,2,2,1,4,16190,1
0,2,2,0,4,16190,2
0,2,2,0,4,16190,3
0,2,2,0,4,16190,4
0,2,2,0,4,16190,5
0,2,2,0,4,16190,6
0,2,2,0,4,16190,7
2,2,2,1,4,16191,1
0,2,2,0,4,16191,2
0,2,2,0,4,16191,3
0,2,2,0,4,16191,4
0,2,2,0,4,16191,5
0,2,2,0,4,16191,6
0,2,2,0,4,16191,7
2,2,2,1,4,16192,1
0,2,2,0,4,16192,2
0,2,2,0,4,16192,3
0,2,2,0,4,16192,4
0,2,2,0,4,16192,5
0,2,2,0,4,16192,6
0,2,2,0,4,16192,7
0,2,2,0,4,16193,1
0,2,2,0,4,16193,2
0,2,2,0,4,16193,3
0,2,2,0,4,16193,4
0,2,2,0,4,16193,5
0,2,2,0,4,16193,6
0,2,2,0,4,16193,7
2,2,2,1,4,16194,1
4,2,2,1,4,16194,2
8,2,2,1,4,16194,3
0,2,2,0,4,16194,4
0,2,2,0,4,16194,5
0,2,2,0,4,16194,6
0,2,2,0,4,16194,7
2,2,2,1,4,16195,1
0,2,2,0,4,16195,2
0,2,2,0,4,16195,3
0,2,2,0,4,16195,4
0,2,2,0,4,16195,5
0,2,2,0,4,16195,6
0,2,2,0,4,16195,7
2,2,2,1,4,16196,1
4,2,2,1,4,16196,2
0,2,2,0,4,16196,3
0,2,2,0,4,16196,4
32,2,2,1,4,16196,5
64,2,2,1,4,16196,6
128,2,2,1,4,16196,7
2,2,2,1,4,16197,1
4,2,2,1,4,16197,2
8,2,2,1,4,16197,3
0,2,2,0,4,16197,4
0,2,2,0,4,16197,5
0,2,2,0,4,16197,6
0,2,2,0,4,16197,7
256,2,2,1,4,16197,8
2,2,2,1,4,16198,1
0,2,2,0,4,16198,2
0,2,2,0,4,16198,3
0,2,2,0,4,16198,4
0,2,2,0,4,16198,5
0,2,2,0,4,16198,6
0,2,2,0,4,16198,7
0,2,2,0,4,16199,1
0,2,2,0,4,16199,2
0,2,2,0,4,16199,3
0,2,2,0,4,16199,4
0,2,2,0,4,16199,5
0,2,2,0,4,16199,6
0,2,2,0,4,16199,7
0,2,2,0,4,16200,1
0,2,2,0,4,16200,2
0,2,2,0,4,16200,3
0,2,2,0,4,16200,4
0,2,2,0,4,16200,5
0,2,2,0,4,16200,6
0,2,2,0,4,16200,7
0,2,2,0,4,16201,1
0,2,2,0,4,16201,2
0,2,2,0,4,16201,3
0,2,2,0,4,16201,4
0,2,2,0,4,16201,5
0,2,2,0,4,16201,6
0,2,2,0,4,16201,7
2,2,2,1,4,16202,1
4,2,2,1,4,16202,2
8,2,2,1,4,16202,3
0,2,2,0,4,16202,4
0,2,2,0,4,16202,5
0,2,2,0,4,16202,6
0,2,2,0,4,16202,7
0,2,2,0,4,16203,1
0,2,2,0,4,16203,2
0,2,2,0,4,16203,3
0,2,2,0,4,16203,4
0,2,2,0,4,16203,5
0,2,2,0,4,16203,6
0,2,2,0,4,16203,7
2,2,2,1,4,16204,1
4,2,2,1,4,16204,2
0,2,2,0,4,16204,3
0,2,2,0,4,16204,4
32,2,2,1,4,16204,5
64,2,2,1,4,16204,6
128,2,2,1,4,16204,7
2,2,2,1,4,16205,1
4,2,2,1,4,16205,2
8,2,2,1,4,16205,3
0,2,2,0,4,16205,4
0,2,2,0,4,16205,5
0,2,2,0,4,16205,6
128,2,2,1,4,16205,7
2,3,2,1,1,16211,1
4,3,2,1,1,16211,2
0,3,2,0,1,16211,3
0,3,2,0,1,16211,4
32,3,2,1,1,16211,5
64,3,2,1,1,16211,6
0,3,2,0,1,16211,7
256,3,2,1,1,16211,8
512,3,2,1,1,16211,9
1024,3,2,1,1,16211,10
0,3,2,0,1,16213,1
0,3,2,0,1,16213,2
0,3,2,0,1,16213,3
0,3,2,0,1,16213,4
0,3,2,0,1,16213,5
0,3,2,0,1,16213,6
0,3,2,0,1,16213,7
2,3,2,1,1,16214,1
4,3,2,1,1,16214,2
8,3,2,1,1,16214,3
16,3,2,1,1,16214,4
32,3,2,1,1,16214,5
64,3,2,1,1,16214,6
128,3,2,1,1,16214,7
2,3,2,1,1,16215,1
4,3,2,1,1,16215,2
8,3,2,1,1,16215,3
16,3,2,1,1,16215,4
32,3,2,1,1,16215,5
64,3,2,1,1,16215,6
128,3,2,1,1,16215,7
2,3,2,1,3,16227,1
0,3,2,0,3,16227,2
0,3,2,0,3,16227,3
0,3,2,0,3,16227,4
0,3,2,0,3,16227,5
0,3,2,0,3,16227,6
0,3,2,0,3,16227,7
0,3,2,0,3,16228,1
0,3,2,0,3,16228,2
0,3,2,0,3,16228,3
0,3,2,0,3,16228,4
32,3,2,1,3,16228,5
0,3,2,0,3,16228,6
0,3,2,0,3,16228,7
0,3,2,0,3,16228,8
0,3,2,0,3,16228,9
0,3,2,0,3,16229,1
0,3,2,0,3,16229,2
0,3,2,0,3,16229,3
0,3,2,0,3,16229,4
0,3,2,0,3,16229,5
0,3,2,0,3,16229,6
0,3,2,0,3,16229,7
0,3,2,0,3,16230,1
0,3,2,0,3,16230,2
0,3,2,0,3,16230,3
0,3,2,0,3,16230,4
0,3,2,0,3,16230,5
0,3,2,0,3,16230,6
0,3,2,0,3,16230,7
0,3,2,0,3,16231,1
0,3,2,0,3,16231,2
0,3,2,0,3,16231,3
0,3,2,0,3,16231,4
0,3,2,0,3,16231,5
0,3,2,0,3,16231,6
0,3,2,0,3,16231,7
0,3,2,0,3,16232,1
0,3,2,0,3,16232,2
0,3,2,0,3,16232,3
0,3,2,0,3,16232,4
0,3,2,0,3,16232,5
0,3,2,0,3,16232,6
0,3,2,0,3,16232,7
0,3,2,0,3,16233,1
0,3,2,0,3,16233,2
0,3,2,0,3,16233,3
0,3,2,0,3,16233,4
32,3,2,1,3,16233,5
64,3,2,1,3,16233,6
128,3,2,1,3,16233,7
2,3,2,1,3,16234,1
0,3,2,0,3,16234,2
0,3,2,0,3,16234,3
0,3,2,0,3,16234,4
0,3,2,0,3,16234,5
0,3,2,0,3,16234,6
0,3,2,0,3,16234,7
2,3,2,1,3,16235,1
0,3,2,0,3,16235,2
0,3,2,0,3,16235,3
0,3,2,0,3,16235,4
0,3,2,0,3,16235,5
0,3,2,0,3,16235,6
0,3,2,0,3,16235,7
2,3,2,1,3,16236,1
0,3,2,0,3,16236,2
0,3,2,0,3,16236,3
0,3,2,0,3,16236,4
0,3,2,0,3,16236,5
0,3,2,0,3,16236,6
0,3,2,0,3,16236,7
0,3,2,0,3,16237,1
0,3,2,0,3,16237,2
0,3,2,0,3,16237,3
0,3,2,0,3,16237,4
0,3,2,0,3,16237,5
0,3,2,0,3,16237,6
0,3,2,0,3,16237,7
2,3,2,1,3,16238,1
4,3,2,1,3,16238,2
8,3,2,1,3,16238,3
0,3,2,0,3,16238,4
0,3,2,0,3,16238,5
0,3,2,0,3,16238,6
0,3,2,0,3,16238,7
2,3,2,1,3,16239,1
0,3,2,0,3,16239,2
0,3,2,0,3,16239,3
0,3,2,0,3,16239,4
0,3,2,0,3,16239,5
0,3,2,0,3,16239,6
0,3,2,0,3,16239,7
2,3,2,1,3,16240,1
4,3,2,1,3,16240,2
0,3,2,0,3,16240,3
0,3,2,0,3,16240,4
32,3,2,1,3,16240,5
64,3,2,1,3,16240,6
128,3,2,1,3,16240,7
2,3,2,1,3,16241,1
4,3,2,1,3,16241,2
8,3,2,1,3,16241,3
16,3,2,1,3,16241,4
0,3,2,0,3,16241,5
0,3,2,0,3,16241,6
128,3,2,1,3,16241,7
2,3,2,1,3,16242,1
4,3,2,1,3,16242,2
0,3,2,0,3,16242,3
0,3,2,0,3,16242,4
0,3,2,0,3,16242,5
64,3,2,1,3,16242,6
128,3,2,1,3,16242,7
256,3,2,1,3,16242,8
2,3,2,1,3,16243,1
0,3,2,0,3,16243,2
0,3,2,0,3,16243,3
0,3,2,0,3,16243,4
32,3,2,1,3,16243,5
64,3,2,1,3,16243,6
128,3,2,1,3,16243,7
2,3,2,1,3,16244,1
0,3,2,0,3,16244,2
0,3,2,0,3,16244,3
0,3,2,0,3,16244,4
32,3,2,1,3,16244,5
64,3,2,1,3,16244,6
128,3,2,1,3,16244,7
0,3,2,0,3,16245,1
0,3,2,0,3,16245,2
0,3,2,0,3,16245,3
0,3,2,0,3,16245,4
0,3,2,0,3,16245,5
0,3,2,0,3,16245,6
0,3,2,0,3,16245,7
2,3,2,1,3,16246,1
4,3,2,1,3,16246,2
8,3,2,1,3,16246,3
0,3,2,0,3,16246,4
0,3,2,0,3,16246,5
0,3,2,0,3,16246,6
0,3,2,0,3,16246,7
2,3,2,1,3,16247,1
0,3,2,0,3,16247,2
0,3,2,0,3,16247,3
0,3,2,0,3,16247,4
32,3,2,1,3,16247,5
64,3,2,1,3,16247,6
128,3,2,1,3,16247,7
2,3,2,1,3,16248,1
4,3,2,1,3,16248,2
0,3,2,0,3,16248,3
0,3,2,0,3,16248,4
32,3,2,1,3,16248,5
64,3,2,1,3,16248,6
128,3,2,1,3,16248,7
2,3,2,1,3,16249,1
4,3,2,1,3,16249,2
8,3,2,1,3,16249,3
0,3,2,0,3,16249,4
0,3,2,0,3,16249,5
0,3,2,0,3,16249,6
128,3,2,1,3,16249,7
0,1,3,0,20,18340,1
0,1,3,0,20,18340,2
8,1,3,1,20,18340,3
0,1,3,0,20,18340,4
0,1,3,0,20,18340,5
0,1,3,0,20,18340,6
0,1,3,0,20,18341,1
0,1,3,0,20,18341,2
0,1,3,0,20,18341,3
0,1,3,0,20,18341,4
0,1,3,0,20,18342,1
0,1,3,0,20,18342,2
0,1,3,0,20,18342,3
0,1,3,0,20,18342,4
0,1,3,0,20,18343,1
0,1,3,0,20,18343,2
0,1,3,0,20,18343,3
0,1,3,0,20,18343,4
0,1,3,0,20,18344,1
0,1,3,0,20,18344,2
0,1,3,0,20,18344,3
0,1,3,0,20,18344,4
0,1,3,0,20,18345,1
0,1,3,0,20,18345,2
0,1,3,0,20,18345,3
0,1,3,0,20,18345,4
0,1,3,0,20,18346,1
0,1,3,0,20,18346,2
8,1,3,1,20,18346,3
0,1,3,0,20,18347,1
0,1,3,0,20,18347,2
0,1,3,0,20,18347,3
0,1,3,0,20,18347,4
0,1,3,0,20,18374,1
0,1,3,0,20,18374,2
0,1,3,0,20,18374,3
0,1,3,0,20,18374,4
0,1,3,0,20,18375,1
0,1,3,0,20,18375,2
0,1,3,0,20,18375,3
0,1,3,0,20,18375,4
0,2,2,0,6,18376,1
0,2,2,0,6,18376,2
0,2,2,0,6,18376,3
0,2,2,0,6,18376,4
0,2,2,0,6,18376,5
0,2,2,0,6,18376,6
0,2,2,0,6,18376,7
0,2,2,0,6,18377,1
0,2,2,0,6,18377,2
0,2,2,0,6,18377,3
0,2,2,0,6,18377,4
0,2,2,0,6,18377,5
0,2,2,0,6,18377,6
0,2,2,0,6,18377,7
2,2,2,1,6,18378,1
4,2,2,1,6,18378,2
8,2,2,1,6,18378,3
0,2,2,0,6,18378,4
0,2,2,0,6,18378,5
0,2,2,0,6,18378,6
0,2,2,0,6,18378,7
0,2,2,0,6,18379,1
0,2,2,0,6,18379,2
0,2,2,0,6,18379,3
0,2,2,0,6,18379,4
0,2,2,0,6,18379,5
0,2,2,0,6,18379,6
0,2,2,0,6,18379,7
0,2,2,0,6,18380,1
0,2,2,0,6,18380,2
0,2,2,0,6,18380,3
0,2,2,0,6,18380,4
0,2,2,0,6,18380,5
0,2,2,0,6,18380,6
0,2,2,0,6,18380,7
0,2,2,0,6,18381,1
0,2,2,0,6,18381,2
0,2,2,0,6,18381,3
0,2,2,0,6,18381,4
0,2,2,0,6,18381,5
0,2,2,0,6,18381,6
0,2,2,0,6,18381,7
0,2,2,0,6,18382,1
0,2,2,0,6,18382,2
0,2,2,0,6,18382,3
0,2,2,0,6,18382,4
0,2,2,0,6,18382,5
0,2,2,0,6,18382,6
0,2,2,0,6,18382,7
0,1,3,0,21,18385,1
0,1,3,0,21,18385,2
0,1,3,0,21,18385,3
0,1,3,0,21,18385,4
0,1,3,0,21,18386,1
0,1,3,0,21,18386,2
0,1,3,0,21,18386,3
0,1,3,0,21,18386,4
0,1,3,0,21,18387,1
0,1,3,0,21,18387,2
0,1,3,0,21,18387,3
0,1,3,0,21,18387,4
0,1,3,0,21,18388,1
0,1,3,0,21,18388,2
0,1,3,0,21,18388,3
0,1,3,0,21,18388,4
0,1,3,0,21,18389,1
0,1,3,0,21,18389,2
0,1,3,0,21,18389,3
0,1,3,0,21,18389,4
0,1,3,0,21,18390,1
0,1,3,0,21,18390,2
0,1,3,0,21,18390,3
0,1,3,0,21,18390,4
0,1,3,0,21,18391,1
0,1,3,0,21,18391,2
0,1,3,0,21,18391,3
0,1,3,0,21,18391,4
0,1,3,0,21,18392,1
4,1,3,1,21,18392,2
0,2,2,0,6,18393,1
0,2,2,0,6,18393,2
0,2,2,0,6,18393,3
0,2,2,0,6,18393,4
0,2,2,0,6,18393,5
0,2,2,0,6,18393,6
0,2,2,0,6,18393,7
0,2,2,0,6,18394,1
0,2,2,0,6,18394,2
0,2,2,0,6,18394,3
0,2,2,0,6,18394,4
0,2,2,0,6,18394,5
0,2,2,0,6,18394,6
0,2,2,0,6,18394,7
0,2,2,0,6,18395,1
0,2,2,0,6,18395,2
0,2,2,0,6,18395,3
0,2,2,0,6,18395,4
0,2,2,0,6,18395,5
0,2,2,0,6,18395,6
0,2,2,0,6,18395,7
0,2,2,0,6,18396,1
0,2,2,0,6,18396,2
0,2,2,0,6,18396,3
0,2,2,0,6,18396,4
0,2,2,0,6,18396,5
0,2,2,0,6,18396,6
0,2,2,0,6,18396,7
2,2,2,1,6,18397,1
4,2,2,1,6,18397,2
8,2,2,1,6,18397,3
16,2,2,1,6,18397,4
32,2,2,1,6,18397,5
0,2,2,0,6,18397,6
128,2,2,1,6,18397,7
2,2,2,1,6,18398,1
4,2,2,1,6,18398,2
0,1,3,0,21,18399,1
0,1,3,0,21,18399,2
0,1,3,0,21,18399,3
0,1,3,0,21,18399,4
0,1,3,0,21,18400,1
0,1,3,0,21,18400,2
0,1,3,0,21,18400,3
0,1,3,0,21,18400,4
0,1,3,0,17,18697,1
0,1,3,0,17,18697,2
0,1,3,0,17,18697,3
0,1,3,0,17,18697,4
0,1,3,0,17,18698,1
0,1,3,0,17,18698,2
0,1,3,0,17,18698,3
0,1,3,0,17,18698,4
0,1,3,0,17,18699,1
0,1,3,0,17,18699,2
0,1,3,0,17,18699,3
0,1,3,0,17,18699,4
0,1,3,0,17,18700,1
0,1,3,0,17,18700,2
0,1,3,0,17,18700,3
0,1,3,0,17,18700,4
32,1,3,1,17,18700,5
0,1,3,0,17,18700,6
0,1,3,0,17,18701,1
0,1,3,0,17,18701,2
0,1,3,0,17,18701,3
0,1,3,0,17,18701,4
0,1,3,0,17,18702,1
0,1,3,0,17,18702,2
0,1,3,0,17,18702,3
0,1,3,0,17,18702,4
0,1,3,0,17,18703,1
0,1,3,0,17,18703,2
0,1,3,0,17,18703,3
0,1,3,0,17,18703,4
0,1,3,0,17,18704,1
0,1,3,0,17,18704,2
0,1,3,0,17,18704,3
0,1,3,0,17,18704,4
0,1,3,0,17,18705,1
0,1,3,0,17,18705,2
0,1,3,0,17,18705,3
0,1,3,0,17,18705,4
0,1,3,0,17,18706,1
0,1,3,0,17,18706,2
0,1,3,0,17,18706,3
0,1,3,0,17,18706,4
0,1,3,0,17,18707,1
0,1,3,0,17,18707,2
0,1,3,0,17,18707,3
0,1,3,0,17,18707,4
0,1,2,0,10,18708,1
0,1,2,0,10,18708,2
8,1,2,1,10,18708,3
0,1,2,0,10,18708,4
0,1,2,0,10,18708,5
0,1,2,0,10,18708,6
0,1,2,0,10,18708,7
0,1,2,0,10,18709,1
0,1,2,0,10,18709,2
0,1,2,0,10,18709,3
0,1,2,0,10,18709,4
0,1,2,0,10,18709,5
0,1,2,0,10,18709,6
0,1,2,0,10,18709,7
0,1,2,0,10,18710,1
0,1,2,0,10,18710,2
0,1,2,0,10,18710,3
0,1,2,0,10,18710,4
0,1,2,0,10,18710,5
0,1,2,0,10,18710,6
0,1,2,0,10,18711,1
0,1,2,0,10,18711,2
0,1,2,0,10,18711,3
0,1,2,0,10,18711,4
0,1,2,0,10,18711,5
0,1,2,0,10,18711,6
0,1,2,0,10,18711,7
0,1,2,0,10,18712,1
0,1,2,0,10,18712,2
0,1,2,0,10,18712,3
0,1,2,0,10,18712,4
0,1,2,0,10,18712,5
0,1,2,0,10,18712,6
0,1,2,0,10,18712,7
0,1,2,0,10,18713,1
0,1,2,0,10,18713,2
0,1,2,0,10,18713,3
0,1,2,0,10,18713,4
0,1,2,0,10,18713,5
0,1,2,0,10,18713,6
0,1,2,0,10,18713,7
0,1,2,0,10,18714,1
0,1,2,0,10,18714,2
0,1,2,0,10,18714,3
0,1,2,0,10,18714,4
0,1,2,0,10,18714,5
0,1,2,0,10,18714,6
0,1,2,0,10,18714,7
0,1,2,0,10,18715,1
0,1,2,0,10,18715,2
0,1,2,0,10,18715,3
0,1,2,0,10,18715,4
0,1,2,0,10,18715,5
0,1,2,0,10,18715,6
0,1,2,0,10,18715,7
0,1,2,0,10,18716,1
0,1,2,0,10,18716,2
0,1,2,0,10,18716,3
0,1,2,0,10,18716,4
0,1,2,0,10,18716,5
0,1,2,0,10,18716,6
0,1,2,0,10,18716,7
2,1,2,1,10,18717,1
4,1,2,1,10,18717,2
0,1,2,0,12,18723,1
0,1,2,0,12,18723,2
0,1,2,0,12,18723,3
0,1,2,0,12,18723,4
0,1,2,0,12,18723,5
0,1,2,0,12,18723,6
0,1,2,0,12,18723,7
0,1,2,0,12,18724,1
0,1,2,0,12,18724,2
0,1,2,0,12,18724,3
0,1,2,0,12,18724,4
0,1,2,0,12,18724,5
0,1,2,0,12,18724,6
0,1,2,0,12,18724,7
0,1,2,0,12,18725,1
0,1,2,0,12,18725,2
0,1,2,0,12,18725,3
0,1,2,0,12,18725,4
0,1,2,0,12,18725,5
0,1,2,0,12,18725,6
0,1,2,0,12,18725,7
0,1,2,0,12,18726,1
0,1,2,0,12,18726,2
0,1,2,0,12,18726,3
0,1,2,0,12,18726,4
0,1,2,0,12,18726,5
0,1,2,0,12,18726,6
0,1,2,0,12,18726,7
0,1,2,0,12,18727,1
0,1,2,0,12,18727,2
0,1,2,0,12,18727,3
0,1,2,0,12,18727,4
0,1,2,0,12,18727,5
0,1,2,0,12,18727,6
0,1,2,0,12,18727,7
0,1,2,0,12,18728,1
0,1,2,0,12,18728,2
0,1,2,0,12,18728,3
0,1,2,0,12,18728,4
0,1,2,0,12,18728,5
0,1,2,0,12,18728,6
0,1,2,0,12,18728,7
0,1,2,0,22,18754,1
0,1,2,0,22,18754,2
0,1,2,0,22,18754,3
0,1,2,0,22,18754,4
0,1,2,0,22,18754,5
0,1,2,0,22,18754,6
0,1,2,0,22,18754,7
0,1,2,0,22,18755,1
0,1,2,0,22,18755,2
0,1,2,0,22,18755,3
0,1,2,0,22,18755,4
0,1,2,0,22,18755,5
0,1,2,0,22,18755,6
0,1,2,0,22,18755,7
0,1,2,0,22,18756,1
0,1,2,0,22,18756,2
0,1,2,0,22,18756,3
0,1,2,0,22,18756,4
0,1,2,0,22,18756,5
0,1,2,0,22,18756,6
0,1,2,0,22,18756,7
0,1,2,0,22,18757,1
4,1,2,1,22,18757,2
8,1,2,1,22,18757,3
0,1,2,0,22,18758,1
0,1,2,0,22,18758,2
0,1,2,0,22,18758,3
0,1,2,0,22,18758,4
0,1,2,0,22,18758,5
0,1,2,0,22,18758,6
0,1,2,0,22,18758,7
0,1,2,0,12,18761,1
0,1,2,0,12,18761,2
0,1,2,0,12,18761,3
0,1,2,0,12,18761,4
0,1,2,0,12,18761,5
0,1,2,0,12,18761,6
0,1,2,0,12,18761,7
0,1,2,0,12,18762,1
0,1,2,0,12,18762,2
0,1,2,0,12,18762,3
0,1,2,0,12,18762,4
0,1,2,0,12,18762,5
0,1,2,0,12,18762,6
0,1,2,0,12,18762,7
0,1,2,0,12,18763,1
0,1,2,0,12,18763,2
0,1,2,0,12,18763,3
0,1,2,0,12,18763,4
0,1,2,0,12,18763,5
0,1,2,0,12,18763,6
0,1,2,0,12,18763,7
2,1,2,1,12,18764,1
4,1,2,1,12,18764,2
0,1,2,0,16,19740,1
0,1,2,0,16,19740,2
0,1,2,0,16,19740,3
0,1,2,0,16,19740,4
0,1,2,0,16,19740,5
0,1,2,0,16,19740,6
0,1,2,0,16,19740,7
0,1,2,0,16,19741,1
0,1,2,0,16,19741,2
0,1,2,0,16,19741,3
0,1,2,0,16,19741,4
0,1,2,0,16,19741,5
0,1,2,0,16,19741,6
0,1,2,0,16,19741,7
0,1,2,0,16,19742,1
0,1,2,0,16,19742,2
0,1,2,0,16,19742,3
0,1,2,0,16,19742,4
0,1,2,0,16,19742,5
0,1,2,0,16,19742,6
0,1,2,0,16,19742,7
0,1,2,0,16,19743,1
0,1,2,0,16,19743,2
0,1,2,0,16,19743,3
0,1,2,0,16,19743,4
0,1,2,0,16,19743,5
0,1,2,0,16,19743,6
0,1,2,0,16,19743,7
0,1,2,0,16,19744,1
0,1,2,0,16,19744,2
0,1,2,0,16,19744,3
0,1,2,0,16,19744,4
0,1,2,0,16,19744,5
0,1,2,0,16,19744,6
0,1,2,0,16,19744,7
0,1,2,0,16,19745,1
0,1,2,0,16,19745,2
0,1,2,0,16,19745,3
0,1,2,0,16,19745,4
0,1,2,0,16,19745,5
0,1,2,0,16,19745,6
0,1,2,0,16,19745,7
0,1,2,0,16,19746,1
0,1,2,0,16,19746,2
0,1,2,0,16,19746,3
0,1,2,0,16,19746,4
0,1,2,0,16,19746,5
0,1,2,0,16,19746,6
0,1,2,0,16,19746,7
0,1,2,0,16,19747,1
4,1,2,1,16,19747,2
8,1,2,1,16,19747,3
0,1,2,0,15,19750,1
0,1,2,0,15,19750,2
0,1,2,0,15,19750,3
0,1,2,0,15,19750,4
0,1,2,0,15,19750,5
0,1,2,0,15,19750,6
0,1,2,0,15,19750,7
0,1,2,0,15,19751,1
0,1,2,0,15,19751,2
0,1,2,0,15,19751,3
0,1,2,0,15,19751,4
0,1,2,0,15,19751,5
0,1,2,0,15,19751,6
0,1,2,0,15,19751,7
0,1,2,0,15,19752,1
0,1,2,0,15,19752,2
0,1,2,0,15,19752,3
0,1,2,0,15,19752,4
0,1,2,0,15,19752,5
0,1,2,0,15,19752,6
0,1,2,0,15,19752,7
0,1,2,0,15,19753,1
0,1,2,0,15,19753,2
0,1,2,0,15,19753,3
0,1,2,0,15,19753,4
0,1,2,0,15,19753,5
0,1,2,0,15,19753,6
0,1,2,0,15,19753,7
0,1,2,0,15,19754,1
0,1,2,0,15,19754,2
0,1,2,0,15,19754,3
0,1,2,0,15,19754,4
0,1,2,0,15,19754,5
0,1,2,0,15,19754,6
0,1,2,0,15,19754,7
0,2,2,0,8,19755,1
0,2,2,0,8,19755,2
0,2,2,0,8,19755,3
0,2,2,0,8,19755,4
32,2,2,1,8,19755,5
0,2,2,0,8,19755,6
0,2,2,0,8,19755,7
0,2,2,0,8,19755,8
0,2,2,0,8,19755,9
0,2,2,0,8,19756,1
0,2,2,0,8,19756,2
0,2,2,0,8,19756,3
0,2,2,0,8,19756,4
0,2,2,0,8,19756,5
0,2,2,0,8,19756,6
0,2,2,0,8,19756,7
0,2,2,0,8,19757,1
0,2,2,0,8,19757,2
0,2,2,0,8,19757,3
0,2,2,0,8,19757,4
32,2,2,1,8,19757,5
0,2,2,0,8,19757,6
0,2,2,0,8,19757,7
0,2,2,0,8,19757,8
0,2,2,0,8,19757,9
2,2,2,1,8,19758,1
4,2,2,1,8,19758,2
8,2,2,1,8,19758,3
0,1,2,0,9,19782,1
0,1,2,0,9,19782,2
0,1,2,0,9,19782,3
0,1,2,0,9,19782,4
0,1,2,0,9,19782,5
0,1,2,0,9,19782,6
0,1,2,0,9,19782,7
0,1,2,0,9,19783,1
0,1,2,0,9,19783,2
0,1,2,0,9,19783,3
0,1,2,0,9,19783,4
0,1,2,0,9,19783,5
0,1,2,0,9,19783,6
0,1,2,0,9,19783,7
0,1,2,0,9,19784,1
0,1,2,0,9,19784,2
0,1,2,0,9,19784,3
0,1,2,0,9,19784,4
0,1,2,0,9,19784,5
0,1,2,0,9,19784,6
0,1,2,0,9,19784,7
2,1,2,1,9,19785,1
0,1,2,0,9,19785,2
0,1,2,0,9,19785,3
0,1,2,0,9,19785,4
0,1,2,0,9,19785,5
0,1,2,0,9,19785,6
0,1,2,0,9,19785,7
0,1,2,0,15,19786,1
0,1,2,0,15,19786,2
0,1,2,0,15,19786,3
0,1,2,0,15,19786,4
0,1,2,0,15,19786,5
0,1,2,0,15,19786,6
0,1,2,0,15,19786,7
0,1,2,0,15,19787,1
0,1,2,0,15,19787,2
0,1,2,0,15,19787,3
0,1,2,0,15,19787,4
0,1,2,0,15,19787,5
0,1,2,0,15,19787,6
0,1,2,0,15,19787,7
0,1,2,0,15,19788,1
0,1,2,0,15,19788,2
0,1,2,0,15,19788,3
0,1,2,0,15,19788,4
0,1,2,0,15,19788,5
0,1,2,0,15,19788,6
0,1,2,0,15,19788,7
2,1,2,1,15,19789,1
4,1,2,1,15,19789,2
0,1,2,0,15,19790,1
0,1,2,0,15,19790,2
0,1,2,0,15,19790,3
0,1,2,0,15,19790,4
0,1,2,0,15,19790,5
0,1,2,0,15,19790,6
0,1,2,0,15,19790,7
0,1,2,0,15,19791,1
0,1,2,0,15,19791,2
0,1,2,0,15,19791,3
0,1,2,0,15,19791,4
0,1,2,0,15,19791,5
0,1,2,0,15,19791,6
128,1,2,1,15,19791,7
0,1,2,0,15,19791,8
0,1,2,0,15,19791,9
0,1,2,0,15,19792,1
0,1,2,0,15,19792,2
0,1,2,0,15,19792,3
0,1,2,0,15,19792,4
0,1,2,0,15,19792,5
0,1,2,0,15,19792,6
0,1,2,0,15,19792,7
0,1,2,0,11,19794,1
0,1,2,0,11,19794,2
0,1,2,0,11,19794,3
0,1,2,0,11,19794,4
0,1,2,0,11,19794,5
0,1,2,0,11,19794,6
0,1,2,0,11,19794,7
2,1,2,1,11,19795,1
0,1,2,0,11,19795,2
0,1,2,0,11,19795,3
16,1,2,1,11,19795,4
0,1,2,0,11,19795,5
64,1,2,1,11,19795,6
0,1,2,0,11,19795,7
0,1,2,0,11,19795,8
0,1,2,0,11,19795,10
0,1,2,0,11,19795,9
0,1,2,0,11,19795,11
0,1,2,0,11,19795,12
0,1,2,0,11,19796,1
0,1,2,0,11,19796,2
0,1,2,0,11,19796,3
0,1,2,0,11,19796,4
0,1,2,0,11,19796,5
0,1,2,0,11,19796,6
0,1,2,0,11,19796,7
0,1,2,0,11,19797,1
0,1,2,0,11,19797,2
0,1,2,0,11,19797,3
0,1,2,0,11,19797,4
0,1,2,0,11,19797,5
0,1,2,0,11,19797,6
0,1,2,0,11,19797,7
2,1,2,1,11,19798,1
0,1,2,0,11,19798,2
0,1,2,0,11,19798,3
0,1,2,0,11,19798,4
0,1,2,0,11,19798,5
0,1,2,0,11,19798,6
0,1,2,0,11,19798,7
0,1,2,0,11,19799,1
0,1,2,0,11,19799,2
0,1,2,0,11,19799,3
0,1,2,0,11,19799,4
0,1,2,0,11,19799,5
0,1,2,0,11,19799,6
0,1,2,0,11,19799,7
0,1,2,0,11,19800,1
0,1,2,0,11,19800,2
0,1,2,0,11,19800,3
0,1,2,0,11,19800,4
0,1,2,0,11,19800,5
0,1,2,0,11,19800,6
0,1,2,0,11,19800,7
0,1,2,0,11,19801,1
0,1,2,0,11,19801,2
0,1,2,0,11,19801,3
0,1,2,0,11,19801,4
0,1,2,0,11,19801,5
0,1,2,0,11,19801,6
0,1,2,0,11,19801,7
0,1,2,0,11,19802,1
0,1,2,0,11,19802,2
0,1,2,0,11,19802,3
0,1,2,0,11,19802,4
0,1,2,0,11,19802,5
0,1,2,0,11,19802,6
0,1,2,0,11,19802,7
0,1,2,0,11,19803,1
4,1,2,1,11,19803,2
8,1,2,1,11,19803,3
0,1,2,0,9,19809,1
0,1,2,0,9,19809,2
0,1,2,0,9,19809,3
0,1,2,0,9,19809,4
0,1,2,0,9,19809,5
0,1,2,0,9,19809,6
0,1,2,0,9,19809,7
0,1,2,0,9,19811,1
0,1,2,0,9,19811,2
0,1,2,0,9,19811,3
0,1,2,0,9,19811,4
0,1,2,0,9,19811,5
0,1,2,0,9,19811,6
0,1,2,0,9,19811,7
0,1,2,0,12,19828,1
0,1,2,0,12,19828,2
0,1,2,0,12,19828,3
0,1,2,0,12,19828,4
0,1,2,0,12,19828,5
0,1,2,0,12,19828,6
0,1,2,0,12,19828,7
0,1,2,0,12,19829,1
0,1,2,0,12,19829,2
0,1,2,0,12,19829,3
0,1,2,0,12,19829,4
0,1,2,0,12,19829,5
0,1,2,0,12,19829,6
0,1,2,0,12,19829,7
0,1,2,0,12,19830,1
0,1,2,0,12,19830,2
0,1,2,0,12,19830,3
0,1,2,0,12,19830,4
0,1,2,0,12,19830,5
64,1,2,1,12,19830,6
0,1,2,0,12,19830,7
0,1,3,0,19,19831,1
0,1,3,0,19,19831,2
0,1,3,0,19,19831,3
0,1,3,0,19,19831,4
0,1,3,0,19,19832,1
0,1,3,0,19,19832,2
0,1,3,0,19,19832,3
0,1,3,0,19,19832,4
0,1,3,0,19,19833,1
0,1,3,0,19,19833,2
0,1,3,0,19,19833,3
0,1,3,0,19,19833,4
0,1,3,0,19,19834,1
0,1,3,0,19,19834,2
0,1,3,0,19,19834,3
0,1,3,0,19,19834,4
0,1,3,0,19,19835,1
0,1,3,0,19,19835,2
0,1,3,0,19,19835,3
0,1,3,0,19,19835,4
0,1,3,0,19,19836,1
0,1,3,0,19,19836,2
0,1,3,0,19,19836,3
0,1,3,0,19,19836,4
0,1,3,0,19,19837,1
0,1,3,0,19,19837,2
0,1,3,0,19,19837,3
0,1,3,0,19,19837,4
0,1,3,0,19,19838,1
0,1,3,0,19,19838,2
0,1,3,0,19,19838,3
0,1,3,0,19,19839,1
0,1,3,0,19,19839,2
0,1,3,0,19,19839,3
0,1,3,0,19,19839,4
0,1,3,0,19,19840,1
0,1,3,0,19,19840,2
0,1,3,0,19,19840,3
0,1,3,0,19,19840,4
0,1,3,0,19,19841,1
0,1,3,0,19,19841,2
0,1,3,0,19,19841,3
0,1,3,0,19,19841,4
2,1,3,1,19,19842,1
0,1,2,0,18,19848,1
0,1,2,0,18,19848,2
0,1,2,0,18,19848,3
0,1,2,0,18,19848,4
0,1,2,0,18,19848,5
0,1,2,0,18,19848,6
0,1,2,0,18,19848,7
0,1,2,0,18,19849,1
0,1,2,0,18,19849,2
0,1,2,0,18,19849,3
0,1,2,0,18,19849,4
0,1,2,0,18,19849,5
0,1,2,0,18,19849,6
0,1,2,0,18,19849,7
0,1,2,0,18,19850,1
0,1,2,0,18,19850,2
0,1,2,0,18,19850,3
0,1,2,0,18,19850,4
0,1,2,0,18,19850,5
0,1,2,0,18,19850,6
0,1,2,0,18,19850,7
0,1,2,0,18,19851,1
0,1,2,0,18,19851,2
0,1,2,0,18,19851,3
0,1,2,0,18,19851,4
0,1,2,0,18,19851,5
0,1,2,0,18,19851,6
0,1,2,0,18,19851,7
0,1,2,0,18,19852,1
0,1,2,0,18,19852,2
8,1,2,1,18,19852,3
16,1,2,1,18,19852,4
0,1,2,0,18,19853,1
0,1,2,0,18,19853,2
0,1,2,0,18,19853,3
0,1,2,0,18,19853,4
0,1,2,0,18,19853,5
0,1,2,0,18,19853,6
0,1,2,0,18,19853,7
0,1,2,0,18,19854,1
0,1,2,0,18,19854,2
0,1,2,0,18,19854,3
0,1,2,0,18,19854,4
0,1,2,0,18,19854,5
0,1,2,0,18,19854,6
0,1,2,0,18,19854,7
0,1,2,0,7,92637,1
0,1,2,0,7,92637,2
0,1,2,0,7,92637,3
0,1,2,0,7,92637,4
0,1,2,0,7,92637,5
0,1,2,0,7,92637,6
0,1,2,0,7,92637,7
0,1,2,0,7,92638,1
0,1,2,0,7,92638,2
0,1,2,0,7,92638,3
0,1,2,0,7,92638,4
0,1,2,0,7,92639,1
0,1,2,0,7,92639,2
0,1,2,0,7,92639,3
0,1,2,0,7,92639,4
0,1,2,0,7,92640,1
0,1,2,0,7,92640,2
0,1,2,0,7,92640,3
0,1,2,0,7,92640,4
0,1,2,0,7,92641,1
0,1,2,0,7,92641,2
0,1,2,0,7,92641,3
0,1,2,0,7,92641,4
0,1,2,0,7,92641,5
0,1,2,0,7,92641,6
0,1,2,0,7,92641,7
0,1,2,0,7,92642,1
0,1,2,0,7,92642,2
0,1,2,0,7,92642,3
0,1,2,0,7,92642,4
2,1,2,1,7,92643,1
4,1,2,1,7,92643,2
0,1,2,0,7,92643,3
16,1,2,1,7,92643,4
32,1,2,1,7,92643,5
0,1,2,0,7,92643,6
0,1,2,0,7,92644,1
0,1,2,0,7,92644,2
0,1,2,0,7,92644,3
16,1,2,1,7,92644,4
32,1,2,1,7,92644,5
0,1,2,0,7,92644,6
0,1,2,0,7,92644,7
0,1,2,0,7,92644,8
0,1,2,0,7,92644,9
0,1,2,0,7,92645,1
0,1,2,0,7,92645,2
0,1,2,0,7,92645,3
0,1,2,0,7,92645,4
0,1,2,0,7,92646,1
0,1,2,0,7,92646,2
0,1,2,0,7,92646,3
0,1,2,0,7,92646,4
0,1,2,0,7,92646,5
0,1,2,0,7,92646,6
0,1,2,0,7,92646,7
0,1,2,0,7,92647,1
0,1,2,0,7,92647,2
0,1,2,0,7,92647,3
0,1,2,0,7,92647,4
0,1,2,0,7,92648,1
0,1,2,0,7,92648,2
0,1,2,0,7,92648,3
0,1,2,0,7,92648,4
0,1,2,0,7,92649,1
0,1,2,0,7,92649,2
0,1,2,0,7,92649,3
0,1,2,0,7,92649,4
0,1,2,0,7,92650,1
0,1,2,0,7,92650,2
0,1,2,0,7,92650,3
0,1,2,0,7,92650,4
0,1,2,0,7,92651,1
0,1,2,0,7,92651,2
0,1,2,0,7,92651,3
0,1,2,0,7,92651,4
0,1,2,0,7,92652,1
0,1,2,0,7,92652,2
0,1,2,0,7,92652,3
0,1,2,0,7,92652,4
0,1,2,0,7,92652,5
0,1,2,0,7,92652,6
0,1,2,0,7,92652,7
0,1,2,0,7,92653,1
0,1,2,0,7,92653,2
0,1,2,0,7,92653,3
0,1,2,0,7,92653,4
0,1,2,0,7,92654,1
0,1,2,0,7,92654,2
0,1,2,0,7,92654,3
0,1,2,0,7,92654,4
0,1,2,0,7,92655,1
0,1,2,0,7,92655,2
0,1,2,0,7,92655,3
0,1,2,0,7,92655,4
0,1,2,0,7,92656,1
0,1,2,0,7,92656,2
0,1,2,0,7,92656,3
0,1,2,0,7,92656,4
0,1,2,0,7,92657,1
0,1,2,0,7,92657,2
0,1,2,0,7,92657,3
0,1,2,0,7,92657,4
0,1,2,0,7,92658,1
0,1,2,0,7,92658,2
0,1,2,0,7,92658,3
0,1,2,0,7,92658,4
0,1,2,0,7,92659,1
0,1,2,0,7,92659,2
0,1,2,0,7,92659,3
0,1,2,0,7,92659,4
0,1,2,0,7,92659,5
0,1,2,0,7,92659,6
0,1,2,0,7,92659,7
0,1,2,0,7,92660,1
0,1,2,0,7,92660,2
0,1,2,0,7,92660,3
0,1,2,0,7,92660,4
0,1,2,0,7,92660,5
0,1,2,0,7,92660,6
0,1,2,0,7,92660,7
0,1,2,0,7,92661,1
0,1,2,0,7,92661,2
0,1,2,0,7,92661,3
0,1,2,0,7,92661,4
0,1,2,0,7,92662,1
0,1,2,0,7,92662,2
0,1,2,0,7,92662,3
0,1,2,0,7,92662,4
0,1,2,0,7,92663,1
0,1,2,0,7,92663,2
0,1,2,0,7,92663,3
0,1,2,0,7,92663,4
0,1,2,0,7,92664,1
0,1,2,0,7,92664,2
0,1,2,0,7,92664,3
0,1,2,0,7,92664,4
0,1,2,0,7,92664,5
0,1,2,0,7,92664,6
0,1,2,0,7,92664,7
0,1,2,0,7,92665,1
0,1,2,0,7,92665,2
0,1,2,0,7,92665,3
0,1,2,0,7,92665,4
0,1,2,0,7,92666,1
0,1,2,0,7,92666,2
0,1,2,0,7,92666,3
0,1,2,0,7,92666,4
2,1,2,1,7,92667,1
0,1,2,0,7,92667,2
0,1,2,0,7,92667,3
0,1,2,0,7,92667,4
2,1,2,1,7,92668,1
0,1,2,0,7,92668,2
0,1,2,0,7,92668,3
0,1,2,0,7,92668,4
2,1,2,1,7,92669,1
0,1,2,0,7,92669,2
0,1,2,0,7,92669,3
0,1,2,0,7,92669,4
2,1,2,1,7,92670,1
0,1,2,0,7,92670,2
0,1,2,0,7,92670,3
0,1,2,0,7,92670,4
0,1,2,0,7,92670,5
0,1,2,0,7,92670,6
0,1,2,0,7,92670,7
0,1,2,0,7,92671,1
0,1,2,0,7,92671,2
0,1,2,0,7,92671,3
0,1,2,0,7,92671,4
0,1,2,0,7,92671,5
0,1,2,0,7,92671,6
0,1,2,0,7,92671,7
0,1,2,0,7,92672,1
0,1,2,0,7,92672,2
0,1,2,0,7,92672,3
0,1,2,0,7,92672,4
0,1,2,0,7,92673,1
0,1,2,0,7,92673,2
0,1,2,0,7,92673,3
0,1,2,0,7,92673,4
0,1,2,0,7,92675,1
0,1,2,0,7,92675,2
0,1,2,0,7,92675,3
0,1,2,0,7,92675,4
0,1,2,0,7,92675,5
0,1,2,0,7,92675,6
0,1,2,0,7,92675,7
0,1,2,0,7,92676,1
0,1,2,0,7,92676,2
0,1,2,0,7,92676,3
0,1,2,0,7,92676,4
0,1,2,0,7,92676,5
0,1,2,0,7,92676,6
0,1,2,0,7,92676,7
0,1,2,0,7,92677,1
0,1,2,0,7,92677,2
0,1,2,0,7,92677,3
0,1,2,0,7,92677,4
0,1,2,0,7,92677,5
0,1,2,0,7,92677,6
0,1,2,0,7,92677,7
0,1,2,0,7,92678,1
0,1,2,0,7,92678,2
0,1,2,0,7,92678,3
0,1,2,0,7,92678,4
0,1,2,0,7,92678,5
0,1,2,0,7,92678,6
0,1,2,0,7,92678,7
0,1,2,0,7,92679,1
0,1,2,0,7,92679,2
0,1,2,0,7,92679,3
0,1,2,0,7,92679,4
0,1,2,0,7,92679,5
0,1,2,0,7,92679,6
0,1,2,0,7,92679,7
0,1,2,0,7,92680,1
0,1,2,0,7,92680,2
0,1,2,0,7,92680,3
0,1,2,0,7,92680,4
0,1,2,0,7,92680,5
0,1,2,0,7,92680,6
0,1,2,0,7,92680,7
0,1,2,0,7,92681,1
0,1,2,0,7,92681,2
0,1,2,0,7,92681,3
0,1,2,0,7,92681,4
0,1,2,0,7,92681,5
0,1,2,0,7,92681,6
0,1,2,0,7,92681,7
0,1,2,0,7,92682,1
0,1,2,0,7,92682,2
0,1,2,0,7,92682,3
0,1,2,0,7,92682,4
0,1,2,0,7,92682,5
0,1,2,0,7,92682,6
0,1,2,0,7,92682,7
2,1,2,1,7,92683,1
0,1,2,0,7,92683,2
0,1,2,0,7,92683,3
0,1,2,0,7,92683,4
0,1,2,0,7,92683,5
0,1,2,0,7,92683,6
0,1,2,0,7,92683,7
0,1,2,0,7,92684,1
4,1,2,1,7,92684,2
0,1,2,0,7,92684,3
16,1,2,1,7,92684,4
0,1,2,0,7,92684,5
0,1,2,0,7,92684,6
128,1,2,1,7,92684,7
0,1,2,0,7,92684,8
0,1,2,0,7,92684,9
0,1,2,0,7,92684,10
0,1,2,0,7,92685,1
0,1,2,0,7,92685,2
0,1,2,0,7,92685,3
0,1,2,0,7,92685,4
0,1,2,0,7,92685,5
0,1,2,0,7,92685,6
0,1,2,0,7,92685,7
0,1,2,0,7,92686,1
0,1,2,0,7,92686,2
0,1,2,0,7,92686,3
0,1,2,0,7,92686,4
0,1,2,0,7,92686,5
0,1,2,0,7,92686,6
0,1,2,0,7,92686,7
0,1,2,0,7,92687,1
0,1,2,0,7,92687,2
0,1,2,0,7,92687,3
0,1,2,0,7,92687,4
0,1,2,0,7,92687,5
0,1,2,0,7,92687,6
0,1,2,0,7,92687,7
0,1,2,0,7,92688,1
0,1,2,0,7,92688,2
0,1,2,0,7,92688,3
0,1,2,0,7,92688,4
0,1,2,0,7,92688,5
0,1,2,0,7,92688,6
0,1,2,0,7,92688,7
0,1,2,0,7,92689,1
0,1,2,0,7,92689,2
0,1,2,0,7,92689,3
0,1,2,0,7,92689,4
0,1,2,0,7,92689,5
0,1,2,0,7,92689,6
0,1,2,0,7,92689,7
2,1,2,1,7,92690,1
4,1,2,1,7,92690,2
8,1,2,1,7,92690,3
0,1,2,0,7,92691,1
0,1,2,0,7,92691,2
8,1,2,1,7,92691,3
0,1,2,0,7,92691,4
0,1,2,0,7,92691,5
0,1,2,0,7,92691,6
0,1,2,0,7,92691,7
0,1,2,0,7,92692,1
0,1,2,0,7,92692,2
8,1,2,1,7,92692,3
0,1,2,0,7,92692,4
0,1,2,0,7,92692,5
0,1,2,0,7,92692,6
0,1,2,0,7,92692,7
0,1,2,0,7,92693,1
0,1,2,0,7,92693,2
8,1,2,1,7,92693,3
0,1,2,0,7,92693,4
0,1,2,0,7,92693,5
0,1,2,0,7,92693,6
0,1,2,0,7,92693,7
0,1,2,0,7,92694,1
0,1,2,0,7,92694,2
0,1,2,0,7,92694,3
0,1,2,0,7,92694,4
0,1,2,0,7,92694,5
0,1,2,0,7,92694,6
0,1,2,0,7,92694,7
0,1,2,0,7,92695,1
0,1,2,0,7,92695,2
0,1,2,0,7,92695,3
0,1,2,0,7,92695,4
0,1,2,0,7,92696,1
0,1,2,0,7,92696,2
0,1,2,0,7,92696,3
0,1,2,0,7,92696,4
0,1,2,0,7,92696,5
0,1,2,0,7,92696,6
0,1,2,0,7,92696,7
0,1,2,0,7,92697,1
0,1,2,0,7,92697,2
0,1,2,0,7,92697,3
0,1,2,0,7,92697,4
0,1,2,0,7,92698,1
0,1,2,0,7,92698,2
8,1,2,1,7,92698,3
16,1,2,1,7,92698,4
0,1,2,0,7,92698,5
64,1,2,1,7,92698,6
0,1,2,0,7,92698,7
0,1,2,0,7,92699,1
0,1,2,0,7,92699,2
8,1,2,1,7,92699,3
16,1,2,1,7,92699,4
0,1,2,0,7,92699,5
64,1,2,1,7,92699,6
0,1,2,0,7,92699,7
0,1,2,0,7,92700,1
0,1,2,0,7,92700,2
0,1,2,0,7,92700,3
0,1,2,0,7,92700,4
0,1,2,0,7,92701,1
0,1,2,0,7,92701,2
0,1,2,0,7,92701,3
0,1,2,0,7,92701,4
0,1,2,0,7,92701,5
0,1,2,0,7,92701,6
0,1,2,0,7,92701,7
0,1,2,0,7,92702,1
0,1,2,0,7,92702,2
0,1,2,0,7,92702,3
0,1,2,0,7,92702,4
0,1,2,0,7,92702,5
0,1,2,0,7,92702,6
0,1,2,0,7,92702,7
0,1,2,0,7,92703,1
0,1,2,0,7,92703,2
0,1,2,0,7,92703,3
0,1,2,0,7,92703,4
0,1,2,0,7,92704,1
0,1,2,0,7,92704,2
0,1,2,0,7,92704,3
0,1,2,0,7,92704,4
0,1,2,0,7,92705,1
0,1,2,0,7,92705,2
0,1,2,0,7,92705,3
0,1,2,0,7,92705,4
0,1,2,0,7,92706,1
4,1,2,1,7,92706,2
0,1,2,0,7,92706,3
0,1,2,0,7,92706,4
0,1,2,0,7,92706,5
0,1,2,0,7,92706,6
0,1,2,0,7,92706,7
0,1,2,0,7,92707,1
0,1,2,0,7,92707,2
0,1,2,0,7,92707,3
0,1,2,0,7,92707,4
0,1,2,0,7,92707,5
0,1,2,0,7,92707,6
0,1,2,0,7,92707,7
0,1,2,0,7,92708,1
0,1,2,0,7,92708,2
0,1,2,0,7,92708,3
0,1,2,0,7,92708,4
0,1,2,0,7,92708,5
0,1,2,0,7,92708,6
0,1,2,0,7,92708,7
0,1,3,0,13,93048,1
0,1,3,0,13,93048,2
0,1,3,0,13,93048,3
0,1,3,0,13,93048,4
0,1,3,0,13,93048,5
0,1,3,0,13,93048,6
0,1,3,0,13,93048,7
0,1,3,0,13,93049,1
0,1,3,0,13,93049,2
0,1,3,0,13,93049,3
0,1,3,0,13,93049,4
0,1,3,0,13,93050,1
0,1,3,0,13,93050,2
0,1,3,0,13,93050,3
0,1,3,0,13,93050,4
0,1,3,0,13,93051,1
0,1,3,0,13,93051,2
0,1,3,0,13,93051,3
0,1,3,0,13,93051,4
0,1,3,0,13,93051,5
0,1,3,0,13,93052,1
0,1,3,0,13,93052,2
0,1,3,0,13,93052,3
0,1,3,0,13,93052,4
0,1,3,0,13,93053,1
0,1,3,0,13,93053,2
0,1,3,0,13,93053,3
0,1,3,0,13,93053,4
0,1,3,0,13,93054,1
0,1,3,0,13,93054,2
0,1,3,0,13,93054,3
0,1,3,0,13,93054,4
0,1,3,0,13,93055,1
0,1,3,0,13,93055,2
0,1,3,0,13,93055,3
0,1,3,0,13,93055,4
0,1,3,0,13,93056,1
0,1,3,0,13,93056,2
0,1,3,0,13,93056,3
0,1,3,0,13,93056,4
0,1,3,0,13,93057,1
0,1,3,0,13,93057,2
0,1,3,0,13,93057,3
0,1,3,0,13,93057,4
0,1,3,0,13,93058,1
0,1,3,0,13,93058,2
0,1,3,0,13,93058,3
0,1,3,0,13,93058,4
0,1,3,0,13,93059,1
0,1,3,0,13,93059,2
0,1,3,0,13,93059,3
0,1,3,0,13,93059,4
0,1,3,0,13,93060,1
0,1,3,0,13,93060,2
0,1,3,0,13,93060,3
0,1,3,0,13,93060,4
0,1,3,0,13,93061,1
0,1,3,0,13,93061,2
0,1,3,0,13,93061,3
0,1,3,0,13,93061,4
0,1,3,0,13,93062,1
0,1,3,0,13,93062,2
0,1,3,0,13,93062,3
0,1,3,0,13,93062,4
0,1,3,0,13,93062,5
0,1,3,0,13,93062,6
0,1,3,0,13,93062,7
0,1,3,0,13,93063,1
0,1,3,0,13,93063,2
0,1,3,0,13,93063,3
0,1,3,0,13,93063,4
0,1,3,0,13,93064,1
0,1,3,0,13,93064,2
0,1,3,0,13,93064,3
0,1,3,0,13,93064,4
0,1,3,0,13,93064,5
0,1,3,0,13,93064,6
0,1,3,0,13,93064,7
0,1,3,0,13,93065,1
0,1,3,0,13,93065,2
0,1,3,0,13,93065,3
0,1,3,0,13,93066,1
0,1,3,0,13,93066,2
0,1,3,0,13,93066,3
0,1,3,0,13,93066,4
0,1,3,0,13,93067,1
0,1,3,0,13,93067,2
0,1,3,0,13,93067,3
0,1,3,0,13,93067,4
0,1,3,0,13,93068,1
0,1,3,0,13,93068,2
0,1,3,0,13,93068,3
0,1,3,0,13,93068,4
0,1,3,0,13,93068,5
0,1,3,0,13,93068,6
0,1,3,0,13,93068,7
0,1,3,0,13,93069,1
0,1,3,0,13,93069,2
0,1,3,0,13,93069,3
0,1,3,0,13,93069,4
0,1,3,0,13,93069,5
0,1,3,0,13,93069,6
0,1,3,0,13,93069,7
0,1,3,0,13,93070,1
0,1,3,0,13,93070,2
0,1,3,0,13,93070,3
0,1,3,0,13,93070,4
0,1,3,0,13,93071,1
0,1,3,0,13,93071,2
0,1,3,0,13,93071,3
0,1,3,0,13,93071,4
0,1,3,0,13,93072,1
0,1,3,0,13,93072,2
0,1,3,0,13,93072,3
0,1,3,0,13,93072,4
0,1,3,0,13,93073,1
0,1,3,0,13,93073,2
0,1,3,0,13,93073,3
0,1,3,0,13,93073,4
0,1,3,0,13,93074,1
0,1,3,0,13,93074,2
0,1,3,0,13,93074,3
0,1,3,0,13,93074,4
0,1,3,0,13,93075,1
0,1,3,0,13,93075,2
0,1,3,0,13,93075,3
0,1,3,0,13,93075,4
0,1,3,0,13,93076,1
0,1,3,0,13,93076,2
0,1,3,0,13,93076,3
0,1,3,0,13,93076,4
0,1,3,0,13,93077,1
0,1,3,0,13,93077,2
0,1,3,0,13,93077,3
0,1,3,0,13,93078,1
0,1,3,0,13,93078,2
0,1,3,0,13,93078,3
0,1,3,0,13,93078,4
0,1,3,0,13,93078,5
0,1,3,0,13,93078,6
0,1,3,0,13,93078,7
0,1,3,0,13,93079,1
0,1,3,0,13,93079,2
0,1,3,0,13,93079,3
0,1,3,0,13,93079,4
0,1,3,0,13,93079,5
0,1,3,0,13,93079,6
0,1,3,0,14,93291,1
0,1,3,0,14,93291,2
0,1,3,0,14,93291,3
0,1,3,0,14,93291,4
0,1,3,0,14,93292,1
0,1,3,0,14,93292,2
0,1,3,0,14,93292,3
0,1,3,0,14,93292,4
0,1,3,0,14,93293,1
0,1,3,0,14,93293,2
0,1,3,0,14,93293,3
0,1,3,0,14,93293,4
0,1,3,0,14,93293,5
0,1,3,0,14,93293,6
0,1,3,0,14,93293,7
0,1,3,0,14,93294,1
0,1,3,0,14,93294,2
0,1,3,0,14,93294,3
0,1,3,0,14,93294,4
0,1,3,0,14,93295,1
0,1,3,0,14,93295,2
0,1,3,0,14,93295,3
0,1,3,0,14,93295,4
0,1,3,0,14,93295,5
0,1,3,0,14,93295,6
0,1,3,0,14,93295,7
0,1,3,0,14,93296,1
0,1,3,0,14,93296,2
0,1,3,0,14,93296,3
0,1,3,0,14,93296,4
0,1,3,0,14,93297,1
0,1,3,0,14,93297,2
0,1,3,0,14,93297,3
0,1,3,0,14,93297,4
0,1,3,0,14,93297,5
0,1,3,0,14,93297,6
0,1,3,0,14,93297,7
0,1,3,0,14,93298,1
0,1,3,0,14,93298,2
0,1,3,0,14,93298,3
0,1,3,0,14,93298,4
0,1,3,0,14,93299,1
0,1,3,0,14,93299,2
0,1,3,0,14,93299,3
0,1,3,0,14,93299,4
0,1,3,0,14,93299,5
0,1,3,0,14,93299,6
0,1,3,0,14,93299,7
0,1,3,0,14,93299,8
0,1,3,0,14,93300,1
0,1,3,0,14,93300,2
0,1,3,0,14,93300,3
0,1,3,0,14,93300,4
0,1,3,0,14,93301,1
0,1,3,0,14,93301,2
0,1,3,0,14,93301,3
0,1,3,0,14,93301,4
0,1,3,0,14,93302,1
0,1,3,0,14,93302,2
0,1,3,0,14,93302,3
0,1,3,0,14,93302,4
0,1,3,0,14,93303,1
0,1,3,0,14,93303,2
0,1,3,0,14,93303,3
0,1,3,0,14,93303,4
0,1,3,0,14,93303,5
0,1,3,0,14,93303,6
0,1,3,0,14,93303,7
0,1,3,0,14,93304,1
0,1,3,0,14,93304,2
0,1,3,0,14,93304,3
0,1,3,0,14,93304,4
2,1,3,1,14,93305,1
4,1,3,1,14,93305,2
0,1,3,0,14,93305,3
16,1,3,1,14,93305,4
0,1,3,0,14,93306,1
0,1,3,0,14,93306,2
0,1,3,0,14,93306,3
0,1,3,0,14,93306,4
0,1,3,0,14,93306,5
0,1,3,0,14,93306,6
0,1,3,0,14,93306,7
0,1,3,0,14,93307,1
0,1,3,0,14,93307,2
0,1,3,0,14,93307,3
0,1,3,0,14,93307,4
0,1,3,0,14,93308,1
0,1,3,0,14,93308,2
0,1,3,0,14,93308,3
0,1,3,0,14,93308,4
0,3,3,0,2,100280,1
0,3,3,0,2,100281,1
0,3,3,0,2,100282,1
2,3,3,1,2,100283,1
0,3,3,0,2,100284,1
2,3,3,1,2,100285,1
2,3,3,1,2,100286,1
0,3,3,0,2,100287,1
2,3,3,1,2,100288,1
2,3,3,1,2,100289,1
2,3,3,1,2,100290,1
0,3,3,0,2,100291,1
0,2,3,0,5,100300,1
0,2,3,0,5,100301,1
2,2,3,1,5,100302,1
0,2,3,0,5,100303,1
0,2,3,0,5,100304,1
2,2,3,1,5,100305,1
0,2,3,0,5,100306,1
0,2,3,0,5,100307,1
2,2,3,1,5,100308,1
2,2,3,1,5,100309,1
2,2,3,1,5,100310,1
0,2,3,0,5,100311,1
0,2,3,0,5,100312,1
0,2,3,0,5,100313,1
0,2,3,0,5,100314,1
0,2,3,0,5,100315,1
0,2,3,0,5,100316,1
0,2,3,0,5,100317,1
0,2,3,0,5,100318,1
0,2,3,0,5,100319,1
0,2,3,0,5,100320,1
0,2,3,0,5,100321,1
0,2,3,0,5,100322,1
0,2,3,0,5,100323,1
0,2,3,0,5,100324,1
